# name: debug
# type: sparse matrix
# nnz: 4272
# rows: 348
# columns: 348

1 1 1
2 1 3.46944695e-18
3 1 -3.98010618e-16
4 1 0.992486176
5 1 -1
6 1 -3.46944695e-18
7 1 3.98010618e-16
8 1 0
1 2 3.46944695e-18
2 2 1
3 2 -1.00864683e-17
4 2 1.16840126
5 2 -3.46944695e-18
6 2 -1
7 2 1.00864683e-17
8 2 0
1 3 -3.98010618e-16
2 3 -1.00864683e-17
3 3 1
4 3 6.23570996
5 3 3.98010618e-16
6 3 1.00864683e-17
7 3 -1
8 3 0
1 4 0.992486176
2 4 1.16840126
3 4 6.23570996
4 4 28.4410742
5 4 0.00751382403
6 4 -0.168401257
7 4 -5.23570996
8 4 -1
1 5 -1
2 5 -3.46944695e-18
3 5 3.98010618e-16
4 5 0.00751382403
5 5 2
6 5 1.6956922e-16
7 5 -2.59232739e-16
8 5 -0.3015521
9 5 -1
10 5 -1.66099773e-16
11 5 -1.38777878e-16
12 5 0
1 6 -3.46944695e-18
2 6 -1
3 6 1.00864683e-17
4 6 -0.168401257
5 6 1.6956922e-16
6 6 2
7 6 -9.65854729e-17
8 6 -0.187794457
9 6 -1.66099773e-16
10 6 -1
11 6 8.64990046e-17
12 6 0
1 7 3.98010618e-16
2 7 1.00864683e-17
3 7 -1
4 7 -5.23570996
5 7 -2.59232739e-16
6 7 -9.65854729e-17
7 7 2
8 7 -5.03465688
9 7 -1.38777878e-16
10 7 8.64990046e-17
11 7 -1
12 7 0
1 8 0
2 8 0
3 8 0
4 8 -1
5 8 -0.3015521
6 8 -0.187794457
7 8 -5.03465688
8 8 27.4739703
9 8 0.3015521
10 8 0.187794457
11 8 5.03465688
12 8 -1
5 9 -1
6 9 -1.66099773e-16
7 9 -1.38777878e-16
8 9 0.3015521
9 9 3
10 9 1.66099773e-16
11 9 1.38777878e-16
12 9 -28.9925
13 9 -1
14 9 0
15 9 4.94065646e-324
16 9 0
285 9 -1
286 9 0
287 9 0
288 9 0
5 10 -1.66099773e-16
6 10 -1
7 10 8.64990046e-17
8 10 0.187794457
9 10 1.66099773e-16
10 10 3
11 10 -8.64990046e-17
12 10 -107.242398
13 10 0
14 10 -1
15 10 0
16 10 0
285 10 0
286 10 -1
287 10 0
288 10 0
5 11 -1.38777878e-16
6 11 8.64990046e-17
7 11 -1
8 11 5.03465688
9 11 1.38777878e-16
10 11 -8.64990046e-17
11 11 3
12 11 -4.76384788e-308
13 11 4.94065646e-324
14 11 0
15 11 -1
16 11 0
285 11 0
286 11 0
287 11 -1
288 11 0
5 12 0
6 12 0
7 12 0
8 12 -1
9 12 -28.9925
10 12 -107.242398
11 12 -4.76384788e-308
12 12 12042.8884
13 12 5.3134
14 12 0.233511
15 12 -2.37418363e-309
16 12 -1
285 12 23.6791
286 12 107.008887
287 12 5.00126624e-308
288 12 -1
9 13 -1
10 13 0
11 13 4.94065646e-324
12 13 5.3134
13 13 3
14 13 0
15 13 -4.94065646e-324
16 13 -22.5666
17 13 -1
18 13 0
19 13 0
20 13 0
289 13 -1
290 13 0
291 13 0
292 13 0
9 14 0
10 14 -1
11 14 0
12 14 0.233511
13 14 0
14 14 3
15 14 -4.94065646e-324
16 14 -112.101303
17 14 0
18 14 -1
19 14 0
20 14 0
289 14 0
290 14 -1
291 14 4.94065646e-324
292 14 0
9 15 4.94065646e-324
10 15 0
11 15 -1
12 15 -2.37418363e-309
13 15 -4.94065646e-324
14 15 -4.94065646e-324
15 15 3
16 15 8.21401425e-309
17 15 0
18 15 0
19 15 -1
20 15 0
289 15 0
290 15 4.94065646e-324
291 15 -1
292 15 0
9 16 0
10 16 0
11 16 0
12 16 -1
13 16 -22.5666
14 16 -112.101303
15 16 8.21401425e-309
16 16 12847.5895
17 16 4.9916
18 16 0.249927
19 16 -4.94065646e-321
20 16 -1
289 16 17.575
290 16 111.851376
291 16 -8.21401425e-309
292 16 -1
13 17 -1
14 17 0
15 17 0
16 17 4.9916
17 17 2
18 17 -2.54058189e-16
19 17 3.19020585e-18
20 17 4.17350541
21 17 -1
22 17 2.54058189e-16
23 17 -3.19020585e-18
24 17 0
13 18 0
14 18 -1
15 18 0
16 18 0.249927
17 18 -2.54058189e-16
18 18 2
19 18 5.55111512e-17
20 18 0.123681164
21 18 2.54058189e-16
22 18 -1
23 18 -5.55111512e-17
24 18 0
13 19 0
14 19 0
15 19 -1
16 19 -4.94065646e-321
17 19 3.19020585e-18
18 19 5.55111512e-17
19 19 2
20 19 0.0733953291
21 19 -3.19020585e-18
22 19 -5.55111512e-17
23 19 -1
24 19 0
13 20 0
14 20 0
15 20 0
16 20 -1
17 20 4.17350541
18 20 0.123681164
19 20 0.0733953291
20 20 19.4388313
21 20 -4.17350541
22 20 -0.123681164
23 20 -0.0733953291
24 20 -1
17 21 -1
18 21 2.54058189e-16
19 21 -3.19020585e-18
20 21 -4.17350541
21 21 2
22 21 -2.54058189e-16
23 21 3.19020585e-18
24 21 -5.0198
25 21 -1
26 21 0
27 21 4.94065646e-324
28 21 0
17 22 2.54058189e-16
18 22 -1
19 22 -5.55111512e-17
20 22 -0.123681164
21 22 -2.54058189e-16
22 22 2
23 22 5.55111512e-17
24 22 0.313465
25 22 0
26 22 -1
27 22 0
28 22 0
17 23 -3.19020585e-18
18 23 -5.55111512e-17
19 23 -1
20 23 -0.0733953291
21 23 3.19020585e-18
22 23 5.55111512e-17
23 23 2
24 23 2.49260375e-309
25 23 4.94065646e-324
26 23 0
27 23 -1
28 23 0
17 24 0
18 24 0
19 24 0
20 24 -1
21 24 -5.0198
22 24 0.313465
23 24 2.49260375e-309
24 24 27.2966523
25 24 5.0198
26 24 -0.313465
27 24 -2.49260375e-309
28 24 -1
21 25 -1
22 25 0
23 25 4.94065646e-324
24 25 5.0198
25 25 2
26 25 0
27 25 -4.94065646e-324
28 25 -5.0826
29 25 -1
30 25 0
31 25 0
32 25 0
21 26 0
22 26 -1
23 26 0
24 26 -0.313465
25 26 0
26 26 2
27 26 0
28 26 1.271392
29 26 0
30 26 -1
31 26 0
32 26 0
21 27 4.94065646e-324
22 27 0
23 27 -1
24 27 -2.49260375e-309
25 27 -4.94065646e-324
26 27 0
27 27 2
28 27 2.3754509e-309
29 27 0
30 27 0
31 27 -1
32 27 0
21 28 0
22 28 0
23 28 0
24 28 -1
25 28 -5.0826
26 28 1.271392
27 28 2.3754509e-309
28 28 29.4492604
29 28 5.0826
30 28 -1.271392
31 28 -2.3754509e-309
32 28 -1
25 29 -1
26 29 0
27 29 0
28 29 5.0826
29 29 2
30 29 0
31 29 0
32 29 -4.3866
33 29 -1
34 29 0
35 29 0
36 29 0
25 30 0
26 30 -1
27 30 0
28 30 -1.271392
29 30 0
30 30 2
31 30 -4.94065646e-324
32 30 2.690833
33 30 0
34 30 -1
35 30 4.94065646e-324
36 30 0
25 31 0
26 31 0
27 31 -1
28 31 -2.3754509e-309
29 31 0
30 31 -4.94065646e-324
31 31 2
32 31 2.05016196e-309
33 31 0
34 31 4.94065646e-324
35 31 -1
36 31 0
25 32 0
26 32 0
27 32 0
28 32 -1
29 32 -4.3866
30 32 2.690833
31 32 2.05016196e-309
32 32 28.4828418
33 32 4.3866
34 32 -2.690833
35 32 -2.05016196e-309
36 32 -1
29 33 -1
30 33 0
31 33 0
32 33 4.3866
33 33 2
34 33 0
35 33 0
36 33 -3.4685
37 33 -1
38 33 0
39 33 0
40 33 0
29 34 0
30 34 -1
31 34 4.94065646e-324
32 34 -2.690833
33 34 0
34 34 2
35 34 -4.94065646e-324
36 34 3.41542
37 34 0
38 34 -1
39 34 0
40 34 0
29 35 0
30 35 4.94065646e-324
31 35 -1
32 35 -2.05016196e-309
33 35 0
34 35 -4.94065646e-324
35 35 2
36 35 4.27602906e-312
37 35 0
38 35 0
39 35 -1
40 35 0
29 36 0
30 36 0
31 36 0
32 36 -1
33 36 -3.4685
34 36 3.41542
35 36 4.27602906e-312
36 36 25.695586
37 36 3.4685
38 36 -3.41542
39 36 -4.27602906e-312
40 36 -1
33 37 -1
34 37 0
35 37 0
36 37 3.4685
37 37 2
38 37 0
39 37 4.94065646e-324
40 37 -3.7793
41 37 -1
42 37 0
43 37 -4.94065646e-324
44 37 0
33 38 0
34 38 -1
35 38 0
36 38 -3.41542
37 38 0
38 38 2
39 38 0
40 38 3.55016
41 38 0
42 38 -1
43 38 0
44 38 0
33 39 0
34 39 0
35 39 -1
36 39 -4.27602906e-312
37 39 4.94065646e-324
38 39 0
39 39 2
40 39 1.76632863e-309
41 39 -4.94065646e-324
42 39 0
43 39 -1
44 39 0
33 40 0
34 40 0
35 40 0
36 40 -1
37 40 -3.7793
38 40 3.55016
39 40 1.76632863e-309
40 40 28.8867445
41 40 3.7793
42 40 -3.55016
43 40 -1.76632863e-309
44 40 -1
37 41 -1
38 41 0
39 41 -4.94065646e-324
40 41 3.7793
41 41 3
42 41 0
43 41 4.94065646e-324
44 41 1.4866
45 41 -1
46 41 0
47 41 0
48 41 0
317 41 -1
318 41 0
319 41 0
320 41 0
37 42 0
38 42 -1
39 42 0
40 42 -3.55016
41 42 0
42 42 3
43 42 9.88131292e-324
44 42 -153.572
45 42 0
46 42 -1
47 42 -9.88131292e-324
48 42 0
317 42 0
318 42 -1
319 42 0
320 42 0
37 43 -4.94065646e-324
38 43 0
39 43 -1
40 43 -1.76632863e-309
41 43 4.94065646e-324
42 43 9.88131292e-324
43 43 3
44 43 2.15854483e-309
45 43 0
46 43 -9.88131292e-324
47 43 -1
48 43 0
317 43 0
318 43 0
319 43 -1
320 43 0
37 44 0
38 44 0
39 44 0
40 44 -1
41 44 1.4866
42 44 -153.572
43 44 2.15854483e-309
44 44 24308.9053
45 44 4.6185
46 44 -2.1289
47 44 -2.15854483e-309
48 44 -1
317 44 -6.1051
318 44 155.7009
319 44 1.13536285e-320
320 44 -1
41 45 -1
42 45 0
43 45 0
44 45 4.6185
45 45 3
46 45 0
47 45 -4.94065646e-324
48 45 4.599
49 45 -1
50 45 0
51 45 0
52 45 0
321 45 -1
322 45 0
323 45 4.94065646e-324
324 45 0
41 46 0
42 46 -1
43 46 -9.88131292e-324
44 46 -2.1289
45 46 0
46 46 3
47 46 1.97626258e-323
48 46 -162.3232
49 46 0
50 46 -1
51 46 0
52 46 0
321 46 0
322 46 -1
323 46 -9.88131292e-324
324 46 0
41 47 0
42 47 -9.88131292e-324
43 47 -1
44 47 -2.15854483e-309
45 47 -4.94065646e-324
46 47 1.97626258e-323
47 47 3
48 47 -1.19153653e-307
49 47 0
50 47 0
51 47 -1
52 47 0
321 47 4.94065646e-324
322 47 -9.88131292e-324
323 47 -1
324 47 0
41 48 0
42 48 0
43 48 0
44 48 -1
45 48 4.599
46 48 -162.3232
